Hello, World!


kernels

total_wt_sum = 74.0

Sparse version:
[[ 0.  5.  0.]
 [ 0.  0.  7.]
 [10.  0.  0.]]


Regular version:
[[14.  5.  8.]
 [ 4.  8.  7.]
 [10.  9. 10.]]

if maps


Sparse version:
[[0. 0. 0. 0. 0.]
 [0. 0. 1. 0. 0.]
 [0. 0. 1. 0. 0.]
 [0. 0. 0. 1. 0.]
 [0. 0. 0. 0. 0.]]


Regular version:
[[1. 1. 1. 0. 1.]
 [0. 1. 1. 1. 0.]
 [1. 0. 1. 1. 1.]
 [0. 0. 0. 1. 0.]
 [0. 1. 0. 0. 0.]]


Sparse version:
[[0. 0. 0. 1. 0.]
 [0. 0. 0. 0. 0.]
 [0. 0. 0. 0. 0.]
 [0. 0. 0. 0. 0.]
 [0. 0. 0. 1. 0.]]


Regular version:
[[0. 1. 1. 1. 0.]
 [0. 1. 0. 0. 1.]
 [0. 1. 1. 0. 0.]
 [1. 1. 0. 1. 0.]
 [0. 0. 0. 1. 1.]]


Sparse version:
[[0. 0. 0. 0. 0.]
 [0. 0. 0. 0. 0.]
 [0. 0. 0. 0. 0.]
 [0. 0. 0. 0. 0.]
 [0. 0. 0. 0. 0.]]


Regular version:
[[1. 1. 0. 0. 0.]
 [1. 0. 1. 0. 1.]
 [0. 0. 1. 0. 1.]
 [1. 1. 0. 0. 0.]
 [1. 0. 0. 0. 1.]]


Sparse version:
[[1. 0. 1. 1. 0.]
 [0. 0. 1. 0. 0.]
 [0. 0. 0. 0. 0.]
 [0. 0. 1. 0. 0.]
 [0. 0. 1. 0. 0.]]


Regular version:
[[1. 0. 1. 1. 1.]
 [1. 0. 1. 0. 1.]
 [0. 0. 1. 0. 1.]
 [0. 1. 1. 1. 0.]
 [0. 1. 1. 1. 1.]]


Sparse version:
[[0. 0. 0. 0. 0.]
 [0. 0. 1. 0. 0.]
 [0. 0. 0. 0. 0.]
 [0. 0. 0. 0. 0.]
 [0. 0. 0. 0. 0.]]


Regular version:
[[0. 0. 1. 1. 1.]
 [0. 0. 1. 0. 0.]
 [0. 1. 1. 1. 0.]
 [1. 1. 0. 1. 0.]
 [1. 0. 1. 1. 0.]]


Sparse version:
[[1. 0. 0. 0. 0.]
 [0. 0. 1. 0. 0.]
 [0. 0. 0. 0. 0.]
 [0. 0. 0. 0. 0.]
 [1. 0. 1. 0. 0.]]


Regular version:
[[1. 1. 1. 1. 0.]
 [0. 1. 1. 0. 0.]
 [1. 0. 1. 1. 0.]
 [0. 0. 0. 1. 1.]
 [1. 0. 1. 1. 1.]]


Sparse version:
[[0. 0. 0. 0. 0.]
 [1. 0. 0. 0. 0.]
 [0. 0. 0. 0. 0.]
 [0. 0. 0. 0. 0.]
 [0. 0. 0. 0. 0.]]


Regular version:
[[0. 1. 1. 0. 1.]
 [1. 0. 0. 1. 1.]
 [1. 1. 0. 1. 1.]
 [0. 1. 0. 0. 0.]
 [0. 0. 0. 0. 0.]]


Sparse version:
[[1. 0. 1. 0. 0.]
 [0. 0. 0. 0. 0.]
 [0. 0. 0. 1. 0.]
 [0. 0. 0. 0. 0.]
 [0. 0. 0. 0. 1.]]


Regular version:
[[1. 0. 1. 1. 0.]
 [1. 1. 0. 1. 0.]
 [0. 1. 1. 1. 0.]
 [1. 1. 0. 1. 0.]
 [1. 1. 0. 0. 1.]]


Sparse version:
[[1. 0. 0. 0. 0.]
 [1. 0. 0. 0. 0.]
 [0. 0. 0. 0. 0.]
 [0. 0. 0. 0. 1.]
 [0. 0. 0. 0. 0.]]


Regular version:
[[1. 1. 1. 1. 1.]
 [1. 0. 1. 0. 0.]
 [1. 0. 0. 0. 1.]
 [1. 0. 1. 0. 1.]
 [1. 0. 0. 1. 1.]]


Sparse version:
[[1. 0. 0. 0. 0.]
 [0. 0. 0. 0. 0.]
 [0. 0. 0. 0. 0.]
 [0. 0. 0. 0. 0.]
 [0. 0. 0. 0. 0.]]


Regular version:
[[1. 0. 1. 0. 1.]
 [0. 1. 0. 0. 0.]
 [0. 0. 0. 1. 1.]
 [1. 0. 0. 1. 0.]
 [0. 0. 1. 0. 0.]]

Done

Process finished with exit code 0
